"Two_yr_Recidivismyes","Number_of_Priors","Age_Above_FourtyFiveyes","Age_Below_TwentyFiveyes","FemaleFemale","Misdemeanoryes","ethnicityAfrican_American","ethnicityAsian","ethnicityHispanic","ethnicityNative_American","ethnicityOther"
1,1.24832580925768,0,0,0,1,1,0,0,0,0
1,0.454511072115264,0,0,1,0,0,0,0,0,0
1,1.64154103884231,0,0,0,0,1,0,0,0,0
1,-0.238174635084819,0,0,1,0,1,0,0,0,0
0,-0.344346919845754,0,0,0,1,1,0,0,0,0
1,1.31919164431467,0,0,0,0,1,0,0,0,0
0,-0.588518646928717,1,0,0,1,0,0,0,0,0
0,-0.0383737704784533,0,0,0,1,0,0,0,0,0
0,-0.602928631612686,0,1,0,1,1,0,0,0,0
1,0.256330254134127,0,0,0,1,1,0,0,0,0
1,-0.474772568540609,0,0,0,0,1,0,0,0,0
0,-0.653324375377491,0,0,0,0,0,0,0,0,0
1,-0.286104436762836,0,0,0,1,1,0,0,0,0
0,-0.716877299936282,0,1,0,0,1,0,0,0,0
0,-0.488520297961392,0,0,1,1,1,0,0,0,0
0,-0.121734358339283,0,1,0,0,1,0,0,0,0
0,0.0597047933159762,1,0,0,0,0,0,0,0,0
0,-0.531972009860892,1,0,0,1,0,0,0,0,0
0,-0.346947728029842,0,0,0,0,1,0,0,0,0
1,-0.153738923661527,0,0,0,0,1,0,0,0,0
0,-0.75293767630976,0,1,1,1,1,0,0,0,0
0,-0.0290245250627782,1,0,0,0,1,0,0,0,0
0,-0.668364793841099,0,0,1,0,1,0,0,0,0
0,-0.135285269536194,1,0,0,1,1,0,0,0,0
0,0.0239179136213808,0,1,0,0,1,0,0,0,0
0,-0.60978865732553,0,0,0,0,1,0,0,0,0
0,-0.831602741672581,0,0,0,0,1,0,0,0,0
0,0.702721693157866,0,0,0,1,1,0,0,0,0
1,0.442397087302812,0,0,1,0,0,0,0,0,0
0,-0.524236310246841,1,0,0,1,0,0,0,0,0
0,-0.51327830378433,0,1,0,0,1,0,0,0,0
1,-0.145789186307843,0,0,0,1,0,0,0,0,0
1,1.17611752450065,0,0,0,0,1,0,0,0,0
0,-0.29070288043689,1,0,0,1,1,0,0,0,0
1,1.3597322517816,0,0,0,0,1,0,0,0,0
1,0.829076474210177,0,0,0,0,1,0,0,0,0
0,-0.630340406543705,0,0,0,1,0,0,0,0,0
1,-0.442900028673881,0,1,0,0,1,0,0,0,0
1,1.86589678372014,1,0,0,1,1,0,0,0,0
1,1.30921464325983,0,0,0,1,1,0,0,0,0
0,-0.62542381009703,0,1,1,0,1,0,0,0,0
0,-0.327545362978911,0,0,0,1,1,0,0,0,0
1,0.611092228203756,1,0,0,0,1,0,0,0,0
1,-0.640009620844765,0,1,0,0,0,0,0,0,0
0,-0.795597558149066,1,0,0,1,0,0,0,0,0
1,0.0184912076487472,1,0,0,1,0,0,0,0,0
0,-0.139995837868312,0,1,0,0,0,0,0,0,0
1,-0.20252863537474,0,0,0,0,0,0,0,0,0
1,0.206740242652226,0,0,1,0,1,0,0,0,0
0,-0.440458089036336,0,0,1,1,1,0,0,0,0
1,0.222444068705137,0,0,0,1,1,0,0,0,0
1,-0.639442503065155,0,1,0,0,1,0,0,0,0
1,-0.419092114934182,0,1,1,1,1,0,0,0,0
0,-0.452721001305329,0,0,0,1,1,0,0,0,0
0,-0.515184279426221,0,0,0,1,1,0,0,0,0
1,0.618546544162923,0,1,0,0,1,0,0,0,0
1,1.16932480082968,0,0,0,0,1,0,0,0,0
0,-0.719166052433959,0,1,0,1,1,0,0,0,0
0,-0.449651049441741,0,1,0,1,1,0,0,0,0
1,1.88289716276861,0,0,0,0,1,0,0,0,0
0,1.10531461823013,1,0,0,0,1,0,0,0,0
0,-0.564844870344476,1,0,1,0,1,0,0,0,0
0,-0.874591871523464,1,0,0,1,0,0,0,0,0
1,0.21982308428178,0,0,0,0,1,0,0,0,0
0,-0.473070584162183,0,1,0,0,1,0,0,0,0
0,-0.779407683210671,0,0,0,0,1,0,0,0,0
0,-0.81954805550067,0,0,0,0,0,0,0,0,0
0,0.700820822636576,0,0,0,0,0,0,0,0,0
0,-0.734462098284751,0,1,1,1,1,0,0,0,0
0,-0.836523981388124,0,1,0,0,1,0,0,0,0
0,-0.611785662310018,0,0,0,0,1,0,0,0,0
0,0.0683918287080662,0,0,1,1,0,0,0,0,0
1,-0.14363579424538,0,0,0,0,1,0,0,0,0
0,-0.59784897730561,0,0,1,1,0,0,0,0,0
1,1.3281956529832,0,0,0,1,0,0,0,0,0
1,-0.556135447113546,0,0,0,1,0,0,0,0,0
1,-0.550998535081494,0,1,1,0,0,0,0,0,0
1,1.15044266068307,0,1,0,0,1,0,0,0,0
1,0.266798375300833,0,0,0,1,0,0,0,0,0
0,-0.77943538951161,0,0,0,1,1,0,0,0,0
0,-0.598932057482897,1,0,0,1,0,0,0,0,0
0,-0.585517243752572,0,1,0,0,1,0,0,0,0
0,-0.267484574280341,0,0,1,0,1,0,0,0,0
1,0.0566755580670495,1,0,0,0,0,0,0,0,0
0,-0.656476166167224,1,0,1,1,0,0,0,0,0
1,-0.57756898593737,0,0,0,0,1,0,0,0,0
1,-0.332219227502371,0,1,0,0,0,0,0,0,0
0,-0.0379495099045094,1,0,0,0,1,0,0,0,0
0,0.0460286015500589,0,0,0,0,0,0,0,0,0
1,-0.586165229026823,0,1,1,1,1,0,0,0,0
0,-0.469423956259529,0,0,1,0,1,0,0,0,0
1,1.3354449754251,0,0,0,0,1,0,0,0,0
1,-0.442876104806932,0,0,0,1,0,0,0,0,0
1,0.319231611907164,0,1,0,0,1,0,0,0,0
1,1.79845775468294,0,0,1,0,1,0,0,0,0
0,1.47979778674658,0,0,0,0,1,0,0,0,0
0,0.900849314018314,0,0,0,0,1,0,0,0,0
0,-0.761723749430664,0,1,0,0,1,0,0,0,0
1,1.17815664131065,0,0,0,0,1,0,0,0,0
1,-0.251446234719829,0,1,0,0,1,0,0,0,0
0,-0.68091076346871,0,1,0,0,1,0,0,0,0
1,-0.565037119388626,0,1,0,1,0,0,0,0,0
1,0.0555832942923285,1,0,0,0,0,0,0,0,0
0,-0.701647527107422,0,0,0,0,0,0,0,0,0
1,0.516062765526183,0,0,0,0,1,0,0,0,0
0,0.827105345472582,0,0,0,0,1,0,0,0,0
1,2.0217221629343,0,0,0,0,1,0,0,0,0
0,-0.336102221713785,1,0,0,0,0,0,0,0,0
1,2.58717708803784,0,0,0,0,1,0,0,0,0
0,1.36523878946305,0,0,0,1,0,0,0,0,0
0,0.170297998691106,0,0,0,0,1,0,0,0,0
0,0.653560794044033,1,0,0,0,1,0,0,0,0
0,-0.199041405622377,0,0,0,0,1,0,0,0,0
1,-0.0210373648236651,0,1,0,0,1,0,0,0,0
1,-0.302506864793043,0,0,1,1,1,0,0,0,0
0,1.53529576948145,0,0,0,0,1,0,0,0,0
1,-0.0343234012742749,0,0,0,0,0,0,0,0,0
0,-0.638661655257172,0,0,0,0,0,0,0,0,0
0,0.794929738683496,0,0,0,0,1,0,0,0,0
0,-0.018285146546555,1,0,1,1,1,0,0,0,0
0,-0.415676470152526,1,0,0,1,0,0,0,0,0
0,-0.570667992277564,0,0,0,1,1,0,0,0,0
1,-0.443528957394346,0,1,0,0,0,0,0,0,0
1,0.574765136916951,0,0,0,0,1,0,0,0,0
0,-0.209257854109627,1,0,0,0,0,0,0,0,0
1,-0.624090570565825,1,0,0,0,0,0,0,0,0
1,1.84643619458808,1,0,0,1,1,0,0,0,0
1,3.31121916790326,1,0,0,0,0,0,0,0,0
0,2.86748699509696,0,0,0,0,1,0,0,0,0
0,-0.757549698729347,0,0,0,0,0,0,0,0,0
1,-0.377588970632698,0,1,0,0,0,0,0,0,0
0,-0.590670860418915,0,0,0,0,0,0,0,0,0
0,-0.732950558830603,1,0,0,0,0,0,0,0,0
0,0.342985976528279,0,0,1,1,1,0,0,0,0
1,0.591420141522931,1,0,0,0,1,0,0,0,0
1,3.97268476694527,0,0,0,0,1,0,0,0,0
0,-0.541847797194445,0,0,0,0,0,0,0,0,0
0,-0.826239642746429,1,0,0,1,0,0,0,0,0
1,5.88713100267441,1,0,0,0,1,0,0,0,0
0,-0.00225021874287994,0,0,1,1,0,0,0,0,0
1,1.09972560215219,0,0,0,0,0,0,0,0,0
1,-0.460112876624976,0,1,0,0,1,0,0,0,0
0,-0.459089026044812,0,0,0,0,1,0,0,0,0
0,-0.140692390287495,0,0,0,0,1,0,0,0,0
0,-0.438344183140528,0,0,0,0,0,0,0,0,0
1,-0.534285018691332,0,0,0,0,1,0,0,0,0
1,-0.261594065205017,0,0,0,0,0,0,0,0,0
0,-0.725513017033562,1,0,1,0,1,0,0,0,0
1,0.614570623297674,0,0,0,0,1,0,0,0,0
1,0.905036798313396,0,0,0,0,1,0,0,0,0
1,-0.310888006406735,0,1,0,0,1,0,0,0,0
0,-0.017508437448151,0,0,0,1,1,0,0,0,0
0,-0.690094909129405,1,0,0,1,0,0,0,0,0
0,-0.40639006989993,0,0,0,0,1,0,0,0,0
0,-0.661769535238303,0,1,0,0,1,0,0,0,0
1,0.189086898619275,0,0,0,0,1,0,0,0,0
0,-0.805201991932216,1,0,0,0,0,0,0,0,0
0,-0.58101597240458,0,1,0,1,1,0,0,0,0
0,-0.482898478033319,0,0,0,0,1,0,0,0,0
0,-0.287103515580549,1,0,0,0,1,0,0,0,0
0,-0.669651342318854,0,0,1,1,1,0,0,0,0
1,-0.378864709570236,0,1,0,0,1,0,0,0,0
0,-0.740848342113467,1,0,1,1,1,0,0,0,0
0,-0.342682918987591,0,0,0,1,0,0,0,0,0
1,-0.512701164699552,0,0,1,1,1,0,0,0,0
1,0.343520740198214,0,0,0,0,1,0,0,0,0
1,0.218808819698518,1,0,1,0,1,0,0,0,0
1,0.415978897285797,0,0,0,0,1,0,0,0,0
1,-0.5276404543314,0,0,0,1,1,0,0,0,0
0,0.39501727731318,1,0,0,1,0,0,0,0,0
1,-0.371676306809818,0,1,0,0,0,0,0,0,0
1,-0.191570887422686,0,1,0,0,1,0,0,0,0
1,0.672338080544898,0,0,0,0,0,0,0,0,0
1,-0.554699198981853,0,0,0,1,0,0,0,0,0
0,0.734497089781713,1,0,0,1,1,0,0,0,0
1,-0.222113620360433,0,1,0,0,0,0,0,0,0
0,-0.648506032579365,0,0,1,0,0,0,0,0,0
0,-0.614601825291161,1,0,0,1,0,0,0,0,0
0,-1.00090774308037,1,0,0,0,1,0,0,0,0
0,-0.753490788177055,0,0,0,0,1,0,0,0,0
0,-0.665741517263538,1,0,1,0,0,0,0,0,0
0,-0.187173263820023,0,0,0,1,0,0,0,0,0
1,0.435608435831014,0,0,0,0,1,0,0,0,0
0,-0.514781298995474,0,0,0,0,1,0,0,0,0
1,-0.674709704732362,0,0,0,1,1,0,0,0,0
1,-0.355953343733592,0,1,0,0,1,0,0,0,0
0,-0.569485851892335,0,0,0,1,1,0,0,0,0
0,-0.42156452557481,1,0,1,0,0,0,0,0,0
0,-0.77381924782517,0,1,1,0,1,0,0,0,0
0,-0.55187388637182,0,0,1,0,1,0,0,0,0
1,-0.526140112391038,0,1,0,0,0,0,0,0,0
0,-0.500241259187693,1,0,0,0,0,0,0,0,0
1,0.863037881522022,0,0,0,0,1,0,0,0,0
0,-0.592654944094521,0,1,0,0,0,0,0,0,0
1,-0.268450132418088,0,0,0,0,0,0,0,0,0
0,-0.644277786808343,1,0,1,0,0,0,0,0,0
0,-0.672195278337126,1,0,0,0,0,0,0,0,0
0,-0.757432721178161,0,0,0,1,0,0,0,0,0
0,0.178968195966477,1,0,0,1,0,0,0,0,0
1,-0.496105003404637,0,1,0,0,1,0,0,0,0
0,0.168572971244713,0,0,1,0,0,0,0,0,0
0,0.985317975395445,0,0,0,0,1,0,0,0,0
0,-0.539620670159678,0,0,1,0,0,0,0,0,0
0,-0.505686459308404,0,0,0,0,1,0,0,0,0
1,1.10601595772998,0,0,0,0,0,0,0,0,0
0,-0.679600891972804,1,0,1,0,1,0,0,0,0
0,-0.270783543455606,1,0,0,0,1,0,0,0,0
0,-0.83694638619575,0,0,0,1,0,0,0,0,0
1,-0.138286557390775,0,0,0,0,0,0,0,0,0
0,0.09501093077764,0,0,0,0,1,0,0,0,0
1,0.109368961388308,0,1,0,1,0,0,0,0,0
0,-0.683194072306338,0,0,0,1,0,0,0,0,0
1,-0.319202515562611,0,1,1,1,1,0,0,0,0
0,-0.536360412173786,0,1,0,0,1,0,0,0,0
0,0.577935106516515,1,0,0,1,0,0,0,0,0
1,1.43316573030308,1,0,0,1,1,0,0,0,0
0,-0.609302460828133,0,1,0,0,0,0,0,0,0
1,0.491890218599854,0,1,0,0,1,0,0,0,0
1,-0.302781486015281,0,0,0,0,1,0,0,0,0
1,1.21209618987862,0,1,0,0,0,0,0,0,0
1,-0.596888315108488,0,0,0,1,0,0,0,0,0
0,-0.345589857080601,0,0,0,1,1,0,0,0,0
1,0.973820132384597,0,0,0,1,1,0,0,0,0
0,-0.728789298754618,1,0,1,0,1,0,0,0,0
0,-0.466277768112875,0,0,0,0,0,0,0,0,0
1,0.645954134880687,0,0,0,0,1,0,0,0,0
0,-0.289659912652986,0,0,0,0,1,0,0,0,0
0,-0.722320948723234,0,0,0,0,0,0,0,0,0
0,-0.185700129482425,0,0,0,1,1,0,0,0,0
0,-0.509242558403287,0,0,0,0,1,0,0,0,0
1,0.915776434865557,0,0,0,0,1,0,0,0,0
0,-0.865180797176057,0,0,0,0,0,0,0,0,0
0,-0.580165362718586,0,0,0,0,1,0,0,0,0
1,-0.17151423225747,1,0,0,0,0,0,0,0,0
0,0.935347696830476,0,0,0,1,1,0,0,0,0
0,-0.297190913454037,0,1,0,0,0,0,0,0,0
0,0.0515640299412327,0,0,0,1,1,0,0,0,0
0,-0.371814009763335,0,1,0,0,0,0,0,0,0
1,1.09819200077212,0,0,0,0,1,0,0,0,0
0,-0.47351137461037,0,0,0,0,0,0,0,0,0
0,-0.492256034907728,0,0,0,1,0,0,0,0,0
0,-0.462645590734482,0,0,0,0,0,0,0,0,0
1,0.981487608438911,0,1,0,0,1,0,0,0,0
1,-0.215939464058085,0,0,0,1,1,0,0,0,0
1,0.413069059320732,0,0,0,0,0,0,0,0,0
1,-0.180720513088813,0,1,0,0,0,0,0,0,0
1,-0.740311030537682,0,1,0,0,1,0,0,0,0
0,-0.413857356701167,0,0,1,0,1,0,0,0,0
1,-0.405318687030845,0,0,0,0,1,0,0,0,0
0,0.874150558235133,0,0,0,0,1,0,0,0,0
1,1.16795359689167,1,0,0,0,1,0,0,0,0
0,-0.638369435836086,0,0,0,1,1,0,0,0,0
0,-0.499787183056033,0,0,0,1,0,0,0,0,0
0,-0.267034111433918,0,0,1,1,1,0,0,0,0
0,-0.619650550636627,1,0,0,1,0,0,0,0,0
0,-0.0988002353439605,0,0,0,0,0,0,0,0,0
0,0.340004463602352,0,0,0,1,0,0,0,0,0
1,-0.0503684293943796,1,0,0,1,0,0,0,0,0
0,0.10329615402432,1,0,0,1,1,0,0,0,0
0,-0.533483475855368,0,0,1,1,1,0,0,0,0
0,3.37866587771564,0,0,0,0,1,0,0,0,0
1,0.0114063540145254,0,0,0,0,1,0,0,0,0
0,-0.474598346207713,0,0,1,1,0,0,0,0,0
1,1.31273743847518,0,0,0,0,1,0,0,0,0
0,-0.454284924551637,0,0,0,0,0,0,0,0,0
0,-0.290170266169792,0,0,0,0,1,0,0,0,0
0,-0.645112386065482,0,0,1,0,1,0,0,0,0
1,-0.665530717070489,0,0,0,1,1,0,0,0,0
0,-0.740769330727104,0,0,0,1,1,0,0,0,0
1,2.73525339905948,0,0,0,0,1,0,0,0,0
1,-0.538179943922114,0,0,0,1,0,0,0,0,0
1,2.66895387713042,1,0,0,0,1,0,0,0,0
0,0.505039565615145,0,0,0,0,1,0,0,0,0
0,-0.278974465339165,0,0,0,1,0,0,0,0,0
1,-0.464700302886209,0,0,0,1,1,0,0,0,0
1,-0.702842055241887,0,0,0,0,1,0,0,0,0
1,0.55445291302228,0,1,0,0,1,0,0,0,0
1,-0.380444512008251,0,1,0,0,1,0,0,0,0
1,-0.196875484982616,0,0,0,0,1,0,0,0,0
1,0.704373954334758,0,0,0,1,1,0,0,0,0
0,-0.390166355119744,0,0,0,0,0,0,0,0,0
1,0.85928330640715,0,0,0,0,1,0,0,0,0
0,-0.64916531388914,0,0,0,1,1,0,0,0,0
0,0.228500442867313,0,0,0,0,1,0,0,0,0
0,0.281761933666549,0,0,0,0,1,0,0,0,0
0,-0.540927207946268,0,1,0,0,1,0,0,0,0
1,1.02798665470521,1,0,0,1,1,0,0,0,0
0,-0.558681027365278,0,0,1,1,1,0,0,0,0
0,0.00977922135132869,1,0,0,0,1,0,0,0,0
1,-0.621840764955163,0,0,0,1,1,0,0,0,0
0,-0.644392492933797,0,0,0,0,0,0,0,0,0
0,-0.767632308179386,1,0,0,0,0,0,0,0,0
0,-0.778548413221176,0,0,0,0,1,0,0,0,0
0,-0.741512647649269,0,0,0,1,0,0,0,0,0
0,-0.599618227518266,0,0,1,0,0,0,0,0,0
1,0.308836535738947,1,0,1,0,0,0,0,0,0
1,1.3103291731943,0,0,0,1,1,0,0,0,0
1,0.890643300631857,1,0,1,0,0,0,0,0,0
1,-0.162663212240128,0,0,0,0,1,0,0,0,0
1,-0.589652997433056,0,0,1,1,1,0,0,0,0
0,-0.697873752143845,1,0,1,0,0,0,0,0,0
0,-0.596384123632131,1,0,0,1,0,0,0,0,0
0,1.23761234031959,0,0,0,1,1,0,0,0,0
0,-0.360800936812836,0,0,1,0,1,0,0,0,0
0,-0.542512951177896,1,0,0,0,1,0,0,0,0
0,-0.883382860585217,0,1,1,0,1,0,0,0,0
1,-0.195607844269582,0,0,1,0,1,0,0,0,0
1,0.228907803691393,0,0,1,0,1,0,0,0,0
0,1.62650038277414,1,0,0,0,1,0,0,0,0
1,0.292971306412246,0,1,1,1,0,0,0,0,0
0,0.175356323504045,0,0,0,0,1,0,0,0,0
0,-0.647781691336192,1,0,0,0,0,0,0,0,0
0,-0.689719341722968,0,0,1,0,0,0,0,0,0
0,-0.154006506312094,0,0,1,1,0,0,0,0,0
1,0.224185547085675,0,1,0,0,1,0,0,0,0
0,-0.737248281600691,1,0,0,1,1,0,0,0,0
1,0.651836798631648,0,0,0,1,1,0,0,0,0
0,0.121263141439083,1,0,1,0,0,0,0,0,0
1,0.830473522224249,1,0,0,1,1,0,0,0,0
0,-0.607308432986468,0,0,1,1,0,0,0,0,0
0,-0.480076964885275,0,0,0,0,1,0,0,0,0
0,-0.784219145638743,0,0,0,0,1,0,0,0,0
0,-0.551888507692671,1,0,0,0,0,0,0,0,0
0,-0.739204521680884,0,0,0,1,0,0,0,0,0
0,-0.456863942003868,0,1,0,0,1,0,0,0,0
1,-0.621369650904147,0,1,0,1,1,0,0,0,0
1,0.180292658994658,0,1,0,0,0,0,0,0,0
0,-0.790287431195753,0,0,0,0,1,0,0,0,0
0,0.444619108136962,0,0,1,0,0,0,0,0,0
1,0.451880130709976,0,0,0,0,1,0,0,0,0
1,-0.676093527370214,0,0,0,0,1,0,0,0,0
1,0.9265609979396,0,0,0,0,1,0,0,0,0
0,2.27825715486854,0,0,0,0,1,0,0,0,0
1,1.87369532638624,0,1,0,1,1,0,0,0,0
0,-0.207957883003559,0,1,1,0,1,0,0,0,0
0,0.76149432718245,1,0,0,0,0,0,0,0,0
0,-0.155461608390413,0,0,1,0,0,0,0,0,0
1,0.319812551747141,0,0,0,1,0,0,0,0,0
1,3.44711578723489,1,0,0,0,1,0,0,0,0
0,1.35380749324427,1,0,1,1,1,0,0,0,0
1,1.3596002108131,0,0,0,1,1,0,0,0,0
0,-0.213916152580017,0,0,0,1,0,0,0,0,0
0,-0.00987646946600773,1,0,0,0,1,0,0,0,0
1,3.59411040613882,0,0,0,0,1,0,0,0,0
0,-0.496615222848444,0,0,0,1,0,0,0,0,0
1,2.05437228914568,0,0,0,0,1,0,0,0,0
1,0.6068943935761,0,1,0,0,1,0,0,0,0
0,-0.569303006678328,0,0,0,0,1,0,0,0,0
0,-0.48557787289188,0,0,0,1,1,0,0,0,0
1,-0.493459065077793,0,0,0,0,1,0,0,0,0
0,-0.299702135292951,0,0,0,1,0,0,0,0,0
1,4.16947070804059,1,0,0,0,1,0,0,0,0
1,1.40518054373001,0,0,1,1,1,0,0,0,0
0,-0.681644315512167,0,0,1,0,0,0,0,0,0
0,-0.689522592365266,1,0,1,1,0,0,0,0,0
0,0.0644857305215109,0,0,0,0,1,0,0,0,0
1,-0.40003567820118,0,0,0,1,1,0,0,0,0
1,0.381376943784913,0,0,0,1,0,0,0,0,0
1,-0.667125597288083,0,1,0,0,0,0,0,0,0
0,-0.565333388827873,0,1,0,0,1,0,0,0,0
1,0.266934473792669,0,0,0,1,1,0,0,0,0
1,-0.577510941158049,0,0,0,0,1,0,0,0,0
0,-0.478697455507491,0,1,0,0,1,0,0,0,0
0,0.0224069430604222,0,0,0,0,1,0,0,0,0
0,-0.677632409451176,0,0,0,1,1,0,0,0,0
0,-0.840846750407444,0,0,0,1,1,0,0,0,0
0,-0.661060066070981,1,0,0,1,0,0,0,0,0
1,-0.680966739354025,0,0,0,0,1,0,0,0,0
1,-0.227341888661293,1,0,1,1,1,0,0,0,0
0,-0.322252345809733,0,0,0,0,0,0,0,0,0
1,1.45214397454634,0,0,0,0,1,0,0,0,0
1,-0.344577428892769,0,1,0,0,1,0,0,0,0
1,0.128515319956613,0,1,0,0,1,0,0,0,0
0,-0.553036912285283,0,1,0,0,1,0,0,0,0
0,0.249016542577933,0,0,1,0,1,0,0,0,0
0,-0.0292772271805261,0,0,1,0,1,0,0,0,0
1,0.937215259171535,0,0,0,0,1,0,0,0,0
1,-0.324152540901573,0,0,0,0,1,0,0,0,0
1,0.020443532447464,0,1,0,0,0,0,0,0,0
1,-0.528069112900514,0,1,0,1,1,0,0,0,0
0,0.0924090624948704,0,0,0,0,1,0,0,0,0
0,0.723174345672915,1,0,1,0,1,0,0,0,0
0,0.412608509252744,0,0,0,1,1,0,0,0,0
0,-0.714516208766826,0,1,0,1,1,0,0,0,0
1,0.130499052865015,0,0,0,1,1,0,0,0,0
0,0.0637411232399594,0,0,0,0,1,0,0,0,0
0,-0.323361513637952,0,0,1,1,1,0,0,0,0
0,-0.841835510913778,1,0,1,0,0,0,0,0,0
0,0.874785663151238,0,0,0,0,1,0,0,0,0
0,-0.31713576888093,1,0,0,0,1,0,0,0,0
1,-0.363193752209729,0,1,0,0,0,0,0,0,0
1,1.27331981835754,1,0,0,0,1,0,0,0,0
0,-0.174709446022486,0,0,0,0,0,0,0,0,0
1,0.156160780876173,0,0,0,0,1,0,0,0,0
1,-0.168374670167843,0,1,0,1,1,0,0,0,0
0,0.239989303205095,1,0,0,1,0,0,0,0,0
1,2.88555857448473,0,0,0,0,1,0,0,0,0
0,-0.686402411136743,1,0,1,1,0,0,0,0,0
0,-0.149209436296972,0,1,1,0,0,0,0,0,0
1,0.606536302414477,1,0,0,1,0,0,0,0,0
0,-0.143503469696315,0,0,0,0,1,0,0,0,0
1,-0.237753400340825,0,1,0,0,1,0,0,0,0
0,-0.678271150298804,1,0,0,0,1,0,0,0,0
0,3.62057534033403,0,0,0,0,1,0,0,0,0
1,0.295152354367068,0,1,1,0,0,0,0,0,0
0,-0.626030398563228,0,0,1,1,0,0,0,0,0
1,1.91271533308491,0,0,0,0,1,0,0,0,0
1,1.88047023894106,0,0,0,0,0,0,0,0,0
1,2.55484052269576,1,0,1,1,1,0,0,0,0
1,-0.0623579506680657,1,0,0,0,0,0,0,0,0
0,-0.270763861461166,1,0,0,0,0,0,0,0,0
0,-0.829639113816875,0,0,0,0,0,0,0,0,0
0,-0.391511955608149,0,0,1,0,1,0,0,0,0
1,0.206283198503911,0,0,1,0,0,0,0,0,0
0,-0.524696834235079,0,0,0,1,1,0,0,0,0
0,-0.926187218552118,0,0,0,0,0,0,0,0,0
1,-0.435743950030272,0,0,0,0,1,0,0,0,0
1,-0.375623554129559,0,0,0,0,1,0,0,0,0
0,-0.386827283331509,0,1,0,1,0,0,0,0,0
0,-0.737924089319002,1,0,1,1,0,0,0,0,0
0,-0.819832798316095,0,1,1,0,1,0,0,0,0
0,-0.753849683890316,1,0,0,0,0,0,0,0,0
0,0.188479303569377,0,0,0,1,0,0,0,0,0
1,-0.68367845028688,0,0,0,0,1,0,0,0,0
1,1.43078757533435,0,0,0,1,1,0,0,0,0
0,-0.599874083922415,0,1,0,0,0,0,0,0,0
0,0.750425520556577,0,0,0,1,1,0,0,0,0
1,-0.723726560376484,0,1,0,0,1,0,0,0,0
0,-0.719014065242755,0,0,0,0,0,0,0,0,0
0,-0.414151136077377,0,0,1,1,0,0,0,0,0
0,-0.310601759529263,0,1,0,1,0,0,0,0,0
0,-0.498018369027748,1,0,0,0,1,0,0,0,0
0,-0.768352141966444,0,1,0,0,1,0,0,0,0
0,-0.200693511975795,0,0,1,0,0,0,0,0,0
1,0.924001340574132,0,0,0,1,0,0,0,0,0
1,0.679901290894135,0,0,0,0,1,0,0,0,0
1,1.29875550608707,0,0,0,0,1,0,0,0,0
1,0.155454976914051,0,0,0,0,1,0,0,0,0
0,-0.673385943522756,0,0,0,1,0,0,0,0,0
1,0.12179452272251,0,1,0,0,1,0,0,0,0
1,1.14830596767232,0,0,0,0,1,0,0,0,0
0,-0.306353596601111,0,0,1,0,1,0,0,0,0
1,1.49939778083128,1,0,0,0,1,0,0,0,0
1,0.307058258475164,0,1,1,0,1,0,0,0,0
0,-0.719413940492162,0,0,0,0,1,0,0,0,0
1,7.57079592765321,1,0,0,0,1,0,0,0,0
1,-0.358075657452815,1,0,0,0,1,0,0,0,0
1,0.688156515760604,0,0,0,1,0,0,0,0,0
0,-0.396923706600181,1,0,0,0,0,0,0,0,0
1,1.83302559402265,0,0,0,1,1,0,0,0,0
0,1.11123515896333,0,0,0,0,1,0,0,0,0
1,0.807583753068463,0,0,0,0,1,0,0,0,0
0,-0.0745535116432036,0,0,0,0,0,0,0,0,0
0,0.33628494916824,0,0,0,1,1,0,0,0,0
1,1.0852289479928,0,0,0,0,1,0,0,0,0
0,-0.252896838974213,1,0,1,1,0,0,0,0,0
0,0.0455318839940632,1,0,0,0,1,0,0,0,0
1,0.305485900401872,0,0,0,1,1,0,0,0,0
0,0.148603568425237,1,0,0,0,1,0,0,0,0
1,0.100058032983215,0,0,0,1,1,0,0,0,0
1,1.22771890061538,0,0,0,0,1,0,0,0,0
0,-0.378810800468097,1,0,1,1,0,0,0,0,0
1,-0.608192106653813,0,1,0,0,1,0,0,0,0
0,-0.847843766241819,0,0,0,0,0,0,0,0,0
0,-0.537510148822891,1,0,0,0,0,0,0,0,0
1,-0.686665474174453,0,1,0,0,1,0,0,0,0
0,-0.515404236276345,0,1,1,0,1,0,0,0,0
0,-0.131572979802497,1,0,0,1,1,0,0,0,0
0,-0.334798034272402,0,0,0,0,0,0,0,0,0
0,-0.617880868996167,0,0,0,1,1,0,0,0,0
1,4.31703379151265,1,0,0,0,0,0,0,0,0
1,-0.306984874983573,1,0,0,0,0,0,0,0,0
1,-0.159329111615457,0,0,0,0,0,0,0,0,0
0,-0.803604164275111,1,0,0,1,0,0,0,0,0
0,-0.104913132694453,1,0,0,1,0,0,0,0,0
1,2.46816314695209,0,0,0,0,1,0,0,0,0
0,-0.716295602713333,0,0,0,1,0,0,0,0,0
1,-0.0409213094578841,0,0,0,1,1,0,0,0,0
0,-0.507334873396612,1,0,0,0,1,0,0,0,0
1,-0.120763696519239,0,0,0,0,1,0,0,0,0
1,-0.214849283296995,0,1,0,1,1,0,0,0,0
1,0.700233252246222,0,0,0,0,1,0,0,0,0
0,-0.0396361837566306,1,0,1,0,1,0,0,0,0
0,-0.805053851454104,0,0,0,0,1,0,0,0,0
0,0.859958101740738,1,0,0,0,1,0,0,0,0
0,-0.422408577762127,0,1,0,0,1,0,0,0,0
1,-0.21333912100545,0,0,0,0,0,0,0,0,0
1,-0.405108662686944,0,1,0,0,1,0,0,0,0
1,0.166414360229006,0,0,0,0,1,0,0,0,0
1,-0.695916841186598,1,0,0,1,0,0,0,0,0
0,-0.680224460089158,0,1,1,1,0,0,0,0,0
0,-0.545326876753757,1,0,0,1,0,0,0,0,0
1,0.349976363301417,0,0,0,1,1,0,0,0,0
0,-0.711140670197193,0,0,0,1,1,0,0,0,0
1,-0.0593189750778496,0,0,1,0,0,0,0,0,0
0,1.29102147187619,0,0,0,1,1,0,0,0,0
1,0.161676248935572,0,1,0,0,0,0,0,0,0
1,-0.172280281089478,0,1,0,0,1,0,0,0,0
0,0.390425974137144,0,0,0,0,1,0,0,0,0
0,-0.567366112790151,0,0,0,0,1,0,0,0,0
1,-0.491600545441713,0,0,0,0,0,0,0,0,0
0,-0.624839985666049,0,1,1,1,0,0,0,0,0
1,2.8635668268913,0,0,0,0,1,0,0,0,0
1,-0.10401179177264,0,1,0,1,0,0,0,0,0
1,0.725563911766828,0,0,0,1,0,0,0,0,0
0,-0.625599647853001,0,1,0,1,0,0,0,0,0
1,0.100918847549662,0,1,0,1,1,0,0,0,0
1,0.59375940915589,0,0,0,0,0,0,0,0,0
1,2.15514220654272,0,0,0,0,1,0,0,0,0
0,-0.855899868399409,0,0,0,0,0,0,0,0,0
1,-0.0981443604105861,0,0,0,0,1,0,0,0,0
1,-0.16999448039073,1,0,0,1,0,0,0,0,0
1,-0.289845097238065,0,1,0,0,0,0,0,0,0
1,-0.488324680978651,0,0,0,0,0,0,0,0,0
1,-0.625946126498249,0,1,0,0,0,0,0,0,0
1,1.4337185631528,0,0,1,0,0,0,0,0,0
1,-0.541205838913311,0,1,0,0,0,0,0,0,0
0,1.67400709042019,1,0,0,0,1,0,0,0,0
0,-0.441136922771597,1,0,0,0,1,0,0,0,0
1,1.30439794482856,0,0,0,1,1,0,0,0,0
0,-0.519312279778593,0,0,0,1,1,0,0,0,0
0,-0.749524057615549,0,0,0,0,1,0,0,0,0
1,-0.794027569448666,0,1,0,1,1,0,0,0,0
0,-0.595621453513372,1,0,0,1,0,0,0,0,0
1,-0.468906853109239,0,1,0,0,1,0,0,0,0
1,0.163130396922781,0,0,0,0,1,0,0,0,0
1,-0.413641629537571,0,0,0,0,1,0,0,0,0
0,0.190719338995442,1,0,0,0,0,0,0,0,0
1,-0.169525208739997,0,0,0,1,1,0,0,0,0
0,-0.716311961271442,0,0,0,0,1,0,0,0,0
1,1.55719595483799,0,1,0,0,1,0,0,0,0
0,-0.379776494596884,0,0,0,0,1,0,0,0,0
0,-0.651375735367599,0,0,1,0,0,0,0,0,0
1,-0.289471443506809,0,0,0,1,0,0,0,0,0
0,-0.732452376869395,0,0,1,0,1,0,0,0,0
0,-0.279320996360441,0,0,1,0,1,0,0,0,0
1,0.0798640046911351,0,1,0,0,0,0,0,0,0
1,-0.187661154590317,0,0,1,0,0,0,0,0,0
1,0.523482425735944,0,1,0,0,0,0,0,0,0
1,0.134382431805763,0,0,0,1,0,0,0,0,0
1,0.330745404877716,0,1,0,1,0,0,0,0,0
0,-0.576178978574107,0,1,0,0,0,0,0,0,0
0,0.0526120113057331,0,0,0,0,1,0,0,0,0
1,1.10772521340199,0,0,0,0,1,0,0,0,0
0,-0.385617005715755,0,0,0,0,0,0,0,0,0
0,-0.625011449640282,0,0,0,0,1,0,0,0,0
0,0.429088491614626,1,0,0,1,0,0,0,0,0
1,-0.578853681578175,0,1,0,0,1,0,0,0,0
0,-0.512972727350835,0,0,0,0,1,0,0,0,0
0,2.31388087888881,0,0,0,0,1,0,0,0,0
1,0.500480198381203,0,1,0,0,1,0,0,0,0
0,1.41076226754144,0,0,1,0,1,0,0,0,0
1,2.45962422135728,0,0,0,0,1,0,0,0,0
0,-0.617993481598113,1,0,0,1,1,0,0,0,0
1,0.990763738752115,0,0,0,1,1,0,0,0,0
0,-0.568261073637482,0,0,1,1,1,0,0,0,0
0,-0.436426362859727,1,0,0,1,1,0,0,0,0
1,-0.466645862600512,1,0,1,0,0,0,0,0,0
1,-0.431902545257303,0,1,0,0,1,0,0,0,0
1,1.44882566202911,0,0,0,0,1,0,0,0,0
1,0.175080406981415,0,0,0,0,1,0,0,0,0
1,0.530982921941528,1,0,0,0,0,0,0,0,0
0,-0.719558416313866,0,0,1,0,1,0,0,0,0
1,0.529485561025162,0,0,0,1,1,0,0,0,0
1,0.280304923241539,1,0,0,0,1,0,0,0,0
1,2.56513452751655,1,0,0,1,1,0,0,0,0
1,0.054420260104736,0,0,0,0,0,0,0,0,0
0,-0.811590270438811,0,0,0,0,0,0,0,0,0
1,-0.491761773399646,0,1,0,1,0,0,0,0,0
1,0.234579970442021,0,0,0,0,0,0,0,0,0
1,0.346859473368632,0,0,1,0,1,0,0,0,0
0,-0.387130918504313,1,0,0,1,1,0,0,0,0
0,0.151646133586878,0,0,0,0,1,0,0,0,0
0,1.13653896296515,0,0,0,1,1,0,0,0,0
1,-0.56994780244317,0,0,0,0,1,0,0,0,0
0,-0.668026026119823,1,0,0,0,0,0,0,0,0
0,-0.648828518891394,0,0,0,1,1,0,0,0,0
0,2.09348699666797,0,0,0,0,0,0,0,0,0
0,-0.160342220311308,0,1,0,0,0,0,0,0,0
1,3.20292960056122,0,0,0,1,1,0,0,0,0
1,-0.599809578102763,1,0,0,1,0,0,0,0,0
0,-0.807831138017924,1,0,0,1,0,0,0,0,0
0,-0.321900152117972,0,0,1,1,0,0,0,0,0
1,-0.213587475371035,0,0,1,0,0,0,0,0,0
0,-0.377531143392045,0,0,0,0,1,0,0,0,0
1,1.16516684669395,0,0,1,0,0,0,0,0,0
1,-0.321736926157989,0,1,1,0,1,0,0,0,0
0,-0.109620240923689,0,1,0,0,1,0,0,0,0
0,-0.857466921560449,0,0,0,1,0,0,0,0,0
1,-0.175034206446151,0,0,0,0,0,0,0,0,0
0,-0.103136009856509,1,0,0,0,0,0,0,0,0
0,0.280244131885496,0,0,1,0,1,0,0,0,0
0,0.789300250683659,1,0,0,0,0,0,0,0,0
1,0.590672453354135,0,0,0,0,0,0,0,0,0
0,1.70125936995248,0,0,0,0,1,0,0,0,0
0,-0.894953502152647,0,0,0,0,1,0,0,0,0
1,2.04914169876048,0,0,0,0,1,0,0,0,0
0,-0.43057909961769,0,0,0,1,1,0,0,0,0
0,-0.665458353786527,0,1,1,0,0,0,0,0,0
1,0.528067113746684,0,0,1,0,1,0,0,0,0
0,3.43166638329618,1,0,0,0,1,0,0,0,0
1,-0.33592496981412,0,1,0,1,1,0,0,0,0
0,-0.248089911447038,0,1,0,0,0,0,0,0,0
1,-0.516365850682202,0,0,0,1,0,0,0,0,0
0,-0.747963792362646,0,0,0,0,0,0,0,0,0
0,2.16971092533621,1,0,0,0,1,0,0,0,0
1,1.93100189142493,0,0,0,0,1,0,0,0,0
0,-0.814659279164337,0,1,0,1,0,0,0,0,0
1,0.34413278784745,1,0,0,1,0,0,0,0,0
1,-0.702959417512017,0,1,0,0,1,0,0,0,0
0,-0.377411564595312,0,0,1,1,1,0,0,0,0
1,-0.0959381683228652,0,0,0,1,1,0,0,0,0
0,-0.648854063941529,0,0,0,1,0,0,0,0,0
0,-0.568350969176531,0,1,0,0,1,0,0,0,0
1,-0.091839215399287,0,0,0,1,1,0,0,0,0
1,-0.157120926867534,0,1,1,1,0,0,0,0,0
0,0.23752497605677,0,1,0,0,1,0,0,0,0
0,-0.847980360095595,1,0,0,0,0,0,0,0,0
0,-0.477756019765854,0,1,1,1,0,0,0,0,0
1,1.43562683953447,1,0,0,0,1,0,0,0,0
1,-0.691237077776036,0,0,0,0,0,0,0,0,0
1,0.449785534427373,0,0,1,0,1,0,0,0,0
0,-0.486271635731963,0,0,1,1,1,0,0,0,0
0,-0.704563363186008,0,0,1,1,0,0,0,0,0
0,0.38805218779001,1,0,1,0,0,0,0,0,0
1,-0.768427004269853,0,0,0,1,0,0,0,0,0
0,-0.292090392726955,0,0,0,0,1,0,0,0,0
0,-0.771655784568552,0,0,0,1,0,0,0,0,0
0,-0.440053740097106,0,0,0,1,1,0,0,0,0
0,0.736993098514551,0,0,0,0,1,0,0,0,0
0,0.47301878993006,1,0,0,0,1,0,0,0,0
0,-0.752320151468972,0,0,1,1,0,0,0,0,0
1,0.172702756573577,1,0,0,0,0,0,0,0,0
1,-0.358094325236354,0,0,0,1,0,0,0,0,0
0,0.325685716637482,1,0,0,1,1,0,0,0,0
1,1.91826067758618,0,1,0,0,1,0,0,0,0
0,-0.625495384549436,0,1,0,0,1,0,0,0,0
0,-0.751821375135438,0,0,0,0,0,0,0,0,0
1,0.106835869258162,0,1,0,0,1,0,0,0,0
0,-0.439614047249579,0,0,0,1,0,0,0,0,0
1,0.832099378753591,0,0,0,0,1,0,0,0,0
0,0.0972425544505307,0,0,0,0,1,0,0,0,0
1,-0.0366509524960061,0,1,0,0,1,0,0,0,0
1,0.337303495715254,0,0,0,0,0,0,0,0,0
1,1.07991105072045,0,1,0,0,1,0,0,0,0
1,-0.14113886014393,0,0,1,0,0,0,0,0,0
0,0.996081845721824,1,0,1,0,1,0,0,0,0
0,-0.796691000601958,0,0,0,0,0,0,0,0,0
0,-0.540693635517523,1,0,0,0,0,0,0,0,0
0,0.25683234193072,0,0,0,1,1,0,0,0,0
1,-0.466426659831656,0,0,0,0,1,0,0,0,0
0,-0.0873384288627741,1,0,0,0,1,0,0,0,0
1,-0.0337447306394565,0,1,0,0,1,0,0,0,0
1,0.930218285947358,0,0,0,1,1,0,0,0,0
1,2.39350046021364,0,0,1,0,1,0,0,0,0
1,0.701141685206435,0,0,1,0,0,0,0,0,0
1,1.04940596448586,0,0,0,0,1,0,0,0,0
0,0.159195529158206,0,0,0,1,1,0,0,0,0
0,-0.23217980867083,1,0,0,0,0,0,0,0,0
1,-0.0220221464268132,0,0,0,0,0,0,0,0,0
0,0.203026924141685,0,0,0,1,1,0,0,0,0
1,1.48094591826119,0,0,0,0,1,0,0,0,0
0,-0.439493565476735,0,0,0,0,1,0,0,0,0
1,-0.0789100103935013,0,1,0,0,1,0,0,0,0
1,-0.223829729750062,0,1,0,0,1,0,0,0,0
1,-0.407365647194529,0,0,0,0,0,0,0,0,0
1,1.39794031577186,0,0,0,0,1,0,0,0,0
1,2.89140993051099,1,0,0,0,1,0,0,0,0
0,-0.764951118382666,0,0,0,0,1,0,0,0,0
1,0.929520013506938,1,0,0,0,0,0,0,0,0
1,0.738111561888594,0,0,0,0,1,0,0,0,0
1,-0.582519000208462,0,0,0,0,1,0,0,0,0
1,-0.230211701537486,0,1,0,1,1,0,0,0,0
1,-0.00758215729854929,0,1,0,0,1,0,0,0,0
1,-0.105277395156225,0,0,0,0,1,0,0,0,0
0,0.851283168197208,0,0,0,0,1,0,0,0,0
0,0.353837889173141,0,0,0,0,0,0,0,0,0
1,-0.311360028758807,0,1,0,0,1,0,0,0,0
0,0.732169237306666,1,0,0,1,1,0,0,0,0
0,0.445625217274458,0,0,0,0,0,0,0,0,0
1,-0.609905846532436,0,1,0,0,0,0,0,0,0
1,0.155963975527603,0,0,0,0,1,0,0,0,0
0,-0.792044850843553,1,0,0,0,0,0,0,0,0
0,1.17371390839207,0,0,0,0,1,0,0,0,0
1,0.4276903276396,0,0,1,0,1,0,0,0,0
0,-0.569995344646544,0,0,0,1,1,0,0,0,0
0,-0.494013329233938,0,0,0,1,1,0,0,0,0
0,-0.616068598572355,0,0,1,1,1,0,0,0,0
0,-0.634946921615463,0,0,1,1,1,0,0,0,0
0,-0.0412150993195279,1,0,0,0,1,0,0,0,0
0,-0.389192437207677,1,0,0,1,0,0,0,0,0
0,-0.631665480239178,0,1,0,0,1,0,0,0,0
0,-0.633419920071944,1,0,0,0,0,0,0,0,0
0,2.43206980276023,0,0,0,0,1,0,0,0,0
1,0.0909917863482952,1,0,0,0,0,0,0,0,0
0,-0.377758109489796,0,1,1,1,0,0,0,0,0
0,-0.508427516101159,1,0,0,0,0,0,0,0,0
0,-0.513082300708813,0,0,1,1,0,0,0,0,0
1,-0.633882401495878,0,1,0,1,1,0,0,0,0
0,-0.586350422865121,0,1,0,0,0,0,0,0,0
1,0.0816235103034466,0,0,0,0,1,0,0,0,0
0,-0.770736460834468,1,0,0,1,0,0,0,0,0
0,-0.51721487374681,0,0,0,1,1,0,0,0,0
1,-0.661802918302369,1,0,0,1,0,0,0,0,0
0,-0.198063607052111,1,0,0,0,0,0,0,0,0
0,3.65639283911145,0,0,0,0,1,0,0,0,0
0,-0.678561511157495,0,0,0,1,1,0,0,0,0
0,-0.498906290157613,1,0,1,1,0,0,0,0,0
1,-0.738403529262285,0,1,0,0,0,0,0,0,0
0,-0.73941450476422,1,0,1,1,0,0,0,0,0
0,-0.275131621551809,0,0,0,0,1,0,0,0,0
0,-0.253240086820945,0,0,0,0,1,0,0,0,0
1,-0.148230415965821,0,0,0,0,0,0,0,0,0
1,-0.151973839269214,0,0,0,1,1,0,0,0,0
0,0.0778437019767974,0,0,1,0,1,0,0,0,0
1,0.503612739785493,0,0,0,1,1,0,0,0,0
0,0.16527367701782,0,0,1,0,1,0,0,0,0
1,0.262051636355702,1,0,0,0,1,0,0,0,0
0,-0.528378576461384,0,0,1,1,1,0,0,0,0
0,-0.755686009630102,0,1,0,0,1,0,0,0,0
1,-0.18325673619874,0,0,1,0,0,0,0,0,0
0,-0.635136115881842,0,0,1,1,0,0,0,0,0
1,1.77628230119272,0,0,0,0,1,0,0,0,0
0,0.254991328915369,0,0,0,1,1,0,0,0,0
1,0.686369889707612,0,0,0,0,1,0,0,0,0
1,3.09743047985978,0,0,0,0,1,0,0,0,0
0,-0.479536249745547,0,1,1,0,1,0,0,0,0
0,-0.679709254950264,0,1,1,0,1,0,0,0,0
1,0.854439533407586,1,0,1,0,0,0,0,0,0
1,0.348136160535127,0,0,0,0,0,0,0,0,0
1,-0.532988150467918,0,1,0,0,1,0,0,0,0
1,-0.34410052562277,0,1,0,0,1,0,0,0,0
0,0.278141788616998,0,0,1,0,1,0,0,0,0
1,-0.0974042790697758,0,1,0,0,1,0,0,0,0
1,1.41465320758735,0,0,0,0,0,0,0,0,0
0,-0.85308881727529,0,0,0,1,1,0,0,0,0
1,0.0264270138412508,0,0,0,0,1,0,0,0,0
0,-0.528410607697916,1,0,1,0,1,0,0,0,0
0,-0.612010742321157,1,0,1,1,0,0,0,0,0
1,0.461825273631757,0,0,0,0,1,0,0,0,0
0,-0.65758082717796,0,0,1,0,0,0,0,0,0
0,-0.557488992990388,0,1,0,0,1,0,0,0,0
0,0.0844206330942152,0,0,0,0,1,0,0,0,0
0,-0.53125465012623,0,0,1,1,0,0,0,0,0
0,-0.420362690947568,1,0,0,0,0,0,0,0,0
0,-0.31565618172558,0,0,0,1,1,0,0,0,0
1,2.50358857095452,0,0,0,0,1,0,0,0,0
0,-0.712121431609816,0,0,1,0,1,0,0,0,0
0,-0.0800238215109176,0,0,0,0,0,0,0,0,0
0,-0.811684442122922,0,0,1,1,1,0,0,0,0
0,-0.763399893439137,0,0,0,1,1,0,0,0,0
0,0.7881542719498,0,0,0,1,0,0,0,0,0
0,0.0269805635779636,1,0,0,0,1,0,0,0,0
0,0.614320685166024,0,0,0,1,1,0,0,0,0
1,0.577157395714064,1,0,0,0,1,0,0,0,0
1,-0.0487565899551463,0,0,1,0,1,0,0,0,0
1,3.4234979894201,0,0,0,0,1,0,0,0,0
0,-0.414929692057411,0,0,1,0,1,0,0,0,0
1,2.79313799585808,0,0,0,1,1,0,0,0,0
1,-0.44656368431728,0,0,0,0,1,0,0,0,0
0,-0.383975012562607,1,0,1,1,0,0,0,0,0
0,-0.229505728431779,0,0,0,1,0,0,0,0,0
1,-0.411135341343487,1,0,0,1,1,0,0,0,0
1,-0.674918585575835,0,1,0,0,1,0,0,0,0
0,-0.435029658320531,1,0,0,1,0,0,0,0,0
1,-0.20657850008852,0,0,1,0,0,0,0,0,0
0,-0.350336264777688,0,0,1,0,1,0,0,0,0
0,-0.538831384936116,1,0,0,0,0,0,0,0,0
0,0.170745686546826,0,0,0,0,1,0,0,0,0
1,-0.209613133772278,0,1,0,1,1,0,0,0,0
0,2.64528619064948,0,0,0,0,0,0,0,0,0
0,-0.428285999836338,0,0,0,0,1,0,0,0,0
0,0.175377248823563,0,0,0,1,1,0,0,0,0
1,-0.00206262959264347,0,1,1,0,1,0,0,0,0
0,-0.621609238234891,0,0,0,1,1,0,0,0,0
0,0.083990009746677,0,0,0,0,0,0,0,0,0
0,-0.565990542503254,1,0,0,0,1,0,0,0,0
0,0.163319258186647,0,0,0,0,0,0,0,0,0
1,0.514333429358464,0,0,0,0,1,0,0,0,0
1,1.43504952135923,0,0,0,0,1,0,0,0,0
0,-0.215978886844196,1,0,0,1,0,0,0,0,0
1,0.59334261659111,0,0,0,1,1,0,0,0,0
0,-0.619026245744644,0,0,0,0,1,0,0,0,0
0,-0.632301085271843,1,0,0,1,0,0,0,0,0
1,0.427912930709468,0,0,1,0,0,0,0,0,0
1,-0.649900962100655,0,0,0,0,0,0,0,0,0
0,-0.559445764726029,0,0,1,1,0,0,0,0,0
0,-0.148591886984117,0,0,0,0,0,0,0,0,0
1,-0.433987821086883,0,0,1,0,0,0,0,0,0
0,-0.633957362041354,0,1,1,0,1,0,0,0,0
0,-0.247201575060041,1,0,1,0,0,0,0,0,0
1,-0.475615059570662,0,0,1,0,1,0,0,0,0
1,-0.624037170170904,1,0,1,1,0,0,0,0,0
0,-0.679863910501946,1,0,1,0,0,0,0,0,0
1,3.81025275594514,0,0,0,0,1,0,0,0,0
0,-0.373403181520092,1,0,0,0,1,0,0,0,0
0,-0.0808820453231385,1,0,0,0,1,0,0,0,0
1,-0.700636787872514,1,0,0,1,0,0,0,0,0
1,0.138453200634114,0,0,0,1,1,0,0,0,0
0,-0.77853536500149,0,0,0,1,1,0,0,0,0
1,-0.537177742300064,0,0,0,0,0,0,0,0,0
1,-0.177164191465269,0,0,0,0,1,0,0,0,0
0,-0.343063224860339,0,0,0,1,1,0,0,0,0
1,0.768928550157697,0,0,0,0,1,0,0,0,0
1,1.1266197734959,0,0,0,0,0,0,0,0,0
1,-0.487715828148186,0,0,1,0,1,0,0,0,0
1,2.90199371480642,0,0,0,1,1,0,0,0,0
1,-0.0978807566796582,0,0,0,0,0,0,0,0,0
0,-0.676475273533936,0,1,0,0,0,0,0,0,0
0,-0.674559157083574,0,0,1,1,0,0,0,0,0
0,-0.262722873837275,0,0,0,0,1,0,0,0,0
1,-0.589323865124473,0,0,0,0,1,0,0,0,0
1,-0.503215255484501,0,0,0,1,0,0,0,0,0
1,1.55299805103211,0,0,1,0,1,0,0,0,0
1,-0.658533573058385,0,1,1,0,1,0,0,0,0
0,1.23284604070988,0,0,0,0,0,0,0,0,0
1,-0.355924162064662,0,0,0,1,1,0,0,0,0
1,-0.22102902672948,0,1,0,0,1,0,0,0,0
0,-0.592614175331416,0,0,0,1,1,0,0,0,0
0,-0.5514396727955,0,1,1,0,1,0,0,0,0
1,0.230206604861804,0,1,0,0,1,0,0,0,0
1,-0.631429982105523,0,1,0,0,1,0,0,0,0
1,-0.425530109324299,0,1,0,0,1,0,0,0,0
1,0.438348498980694,0,0,0,1,1,0,0,0,0
0,0.109337935550625,0,0,0,1,1,0,0,0,0
0,0.215596176723566,0,0,0,1,1,0,0,0,0
0,-0.11086603748075,0,0,0,1,1,0,0,0,0
1,-0.399851398286725,0,1,0,1,1,0,0,0,0
1,0.132269951891823,0,1,0,0,1,0,0,0,0
0,0.258179608377974,1,0,0,1,1,0,0,0,0
1,-0.184909802263973,0,0,1,1,0,0,0,0,0
0,-0.295396867525241,1,0,0,1,0,0,0,0,0
1,3.20004521793803,0,0,0,1,1,0,0,0,0
0,-0.717390709916522,0,0,0,0,0,0,0,0,0
0,-0.705521430333717,0,0,0,0,1,0,0,0,0
0,-0.107662911248554,0,0,0,1,1,0,0,0,0
1,3.27767280817163,0,0,0,0,1,0,0,0,0
1,0.129049329979963,0,0,1,0,0,0,0,0,0
1,-0.311955394386199,0,0,0,0,0,0,0,0,0
1,0.0691477670531561,0,0,0,0,1,0,0,0,0
1,-0.338287448799981,0,1,0,1,0,0,0,0,0
1,-0.517170898823444,0,1,0,0,1,0,0,0,0
0,-0.353629752253413,0,0,0,1,0,0,0,0,0
0,-0.192148136000296,1,0,0,1,0,0,0,0,0
1,-0.50928626558059,0,0,1,1,1,0,0,0,0
0,-0.16589005877316,0,0,0,0,1,0,0,0,0
0,-0.705046810565566,0,0,0,1,0,0,0,0,0
1,0.266476064072444,0,0,0,0,1,0,0,0,0
1,1.24797471668328,1,0,0,0,0,0,0,0,0
0,-0.636150817434401,0,1,0,0,1,0,0,0,0
0,-0.202313762938571,0,0,1,1,1,0,0,0,0
1,-0.499797608855433,0,0,1,0,0,0,0,0,0
0,2.71831523816306,0,0,0,0,0,0,0,0,0
1,0.179375063217719,0,0,0,0,1,0,0,0,0
0,-0.568605434375226,0,0,0,0,0,0,0,0,0
1,-0.758644832270866,1,0,0,0,0,0,0,0,0
0,-0.488568826740213,0,0,0,1,1,0,0,0,0
1,0.496580529628582,0,0,0,0,1,0,0,0,0
0,-0.625821055379097,1,0,1,1,0,0,0,0,0
0,0.125208713738471,0,0,0,0,0,0,0,0,0
0,-0.336590942339451,1,0,0,1,0,0,0,0,0
0,-0.404174723322144,0,0,0,0,0,0,0,0,0
0,-0.681813302527875,0,0,1,1,0,0,0,0,0
0,-0.767323071302838,0,0,1,1,1,0,0,0,0
0,-0.803276100424078,0,0,0,0,0,0,0,0,0
0,-0.751691289489519,0,1,0,1,0,0,0,0,0
0,-0.742367513519578,0,0,1,0,0,0,0,0,0
1,-0.596991123640161,0,0,0,0,1,0,0,0,0
0,1.0301913292714,0,0,0,0,1,0,0,0,0
0,-0.272732348377879,0,0,0,0,1,0,0,0,0
0,-0.639697532290879,0,0,0,0,1,0,0,0,0
1,-0.6678156263559,1,0,0,0,0,0,0,0,0
0,-0.646372515177107,0,1,0,0,1,0,0,0,0
1,0.882324575977626,0,0,0,1,0,0,0,0,0
0,-0.65146412007911,0,0,1,1,0,0,0,0,0
1,-0.585196300540504,0,0,0,1,1,0,0,0,0
0,-0.225700341132122,0,0,0,1,0,0,0,0,0
0,-0.817440030719271,0,0,0,0,1,0,0,0,0
1,-0.499703246257248,0,1,0,0,1,0,0,0,0
1,-0.691776766486398,0,1,0,0,0,0,0,0,0
0,-0.405146890921859,0,0,0,0,1,0,0,0,0
1,3.64755618317274,0,0,0,0,1,0,0,0,0
0,-0.189110916482104,1,0,0,1,0,0,0,0,0
1,-0.176881182774099,0,0,0,1,0,0,0,0,0
1,1.92430745572734,0,0,0,1,1,0,0,0,0
1,2.27318918135588,0,0,0,0,1,0,0,0,0
1,1.56802662533831,0,0,0,0,0,0,0,0,0
0,-0.743405890822258,0,0,1,1,1,0,0,0,0
0,-0.0791400904669245,1,0,0,0,0,0,0,0,0
0,-0.71585145973381,0,0,1,1,1,0,0,0,0
0,-0.60973886926651,0,1,0,1,0,0,0,0,0
0,-0.684007359580433,1,0,0,1,0,0,0,0,0
1,2.3444437518668,1,0,0,0,1,0,0,0,0
1,-0.560478849184272,0,0,0,0,1,0,0,0,0
0,2.02849676851129,1,0,0,1,1,0,0,0,0
0,-0.611458682736517,0,0,0,0,0,0,0,0,0
1,0.438886012539566,0,0,0,0,1,0,0,0,0
1,1.12384665194545,0,0,0,0,1,0,0,0,0
1,1.63942436216908,0,0,0,0,1,0,0,0,0
1,-0.13910020400877,0,0,0,1,1,0,0,0,0
1,-0.540209554214833,0,0,0,0,1,0,0,0,0
0,0.27668190337573,0,0,0,0,1,0,0,0,0
1,-0.350064542260801,1,0,0,0,1,0,0,0,0
0,-0.612757615594815,0,1,1,1,0,0,0,0,0
0,1.47192322197022,0,0,0,0,1,0,0,0,0
0,-0.772981485709717,0,0,0,0,0,0,0,0,0
0,-0.093689017303573,1,0,1,0,1,0,0,0,0
0,-0.613727614709066,0,0,0,1,1,0,0,0,0
1,0.176632422820364,0,0,0,1,0,0,0,0,0
0,-0.485107310339281,0,0,0,1,1,0,0,0,0
0,0.118021499200516,0,0,0,1,0,0,0,0,0
1,-0.496972724953737,0,1,0,0,0,0,0,0,0
1,-0.643453836634958,0,0,0,0,1,0,0,0,0
0,-0.590844966832411,0,0,0,1,0,0,0,0,0
0,-0.17734918659296,0,0,1,0,0,0,0,0,0
1,-0.361207203939144,1,0,0,0,0,0,0,0,0
0,-0.5550248295198,0,0,0,0,0,0,0,0,0
0,-0.119844228669803,0,0,0,1,0,0,0,0,0
0,-0.211245177343522,0,0,0,0,0,0,0,0,0
0,-0.510784951780345,0,0,0,0,1,0,0,0,0
1,-0.581988916762053,0,1,0,0,1,0,0,0,0
0,-0.758064855164193,0,1,0,1,1,0,0,0,0
1,-0.481756015452347,0,1,0,0,1,0,0,0,0
0,-0.753172011612112,0,1,0,0,1,0,0,0,0
1,-0.412607645614237,0,0,1,1,0,0,0,0,0
0,-0.221005947468255,0,0,0,1,1,0,0,0,0
1,-0.00861397051940783,0,0,0,0,0,0,0,0,0
0,-0.681261607162282,0,0,0,1,1,0,0,0,0
0,-0.714678305924651,0,0,0,0,0,0,0,0,0
1,-0.349207585888007,0,0,0,0,1,0,0,0,0
0,0.933184801185283,0,0,0,0,0,0,0,0,0
1,-0.555687279332069,0,0,0,0,0,0,0,0,0
1,-0.00138557658236194,0,0,0,0,1,0,0,0,0
0,2.85170637837693,1,0,0,1,1,0,0,0,0
0,-0.604645855397677,0,1,0,1,0,0,0,0,0
0,-0.622641273118237,0,0,0,0,1,0,0,0,0
0,-0.754245645697937,1,0,1,1,0,0,0,0,0
1,-0.104721007673517,0,0,0,1,1,0,0,0,0
0,-0.786343943462566,0,0,0,0,1,0,0,0,0
1,3.93129307677404,0,0,0,1,1,0,0,0,0
0,-0.23744787381867,0,1,1,0,1,0,0,0,0
1,3.60945881338953,0,0,0,0,1,0,0,0,0
0,-0.750861301742882,1,0,0,0,0,0,0,0,0
0,-0.746349903083483,0,0,0,0,1,0,0,0,0
1,0.449837378899397,0,1,0,0,0,0,0,0,0
1,1.40656625133126,0,0,0,0,1,0,0,0,0
0,-0.672035410072235,0,0,0,1,0,0,0,0,0
1,0.366170134107584,0,0,0,0,1,0,0,0,0
0,-0.459568691431626,1,0,0,1,1,0,0,0,0
0,-0.270967879972028,0,0,0,0,1,0,0,0,0
1,-0.502539356321252,0,0,0,1,0,0,0,0,0
0,-0.5540183521851,0,0,0,1,0,0,0,0,0
1,0.182758914228221,0,0,0,0,0,0,0,0,0
0,-7.33962877972338e-05,0,0,1,0,1,0,0,0,0
0,-0.959832568494332,0,1,0,1,0,0,0,0,0
1,1.49680860725311,1,0,1,0,1,0,0,0,0
1,0.00766546030032111,0,1,0,0,1,0,0,0,0
1,-0.709459721401813,0,1,1,0,0,0,0,0,0
0,-0.628442377611662,1,0,1,0,1,0,0,0,0
1,0.772648431084211,0,0,0,0,1,0,0,0,0
0,-0.264890773619486,0,0,0,1,0,0,0,0,0
0,-0.600962580206367,1,0,0,0,0,0,0,0,0
0,-0.598902033650513,0,0,0,1,0,0,0,0,0
1,0.139935152864877,0,1,0,1,1,0,0,0,0
0,-0.77077537039081,0,1,0,0,1,0,0,0,0
1,-0.28023124122802,0,0,0,0,1,0,0,0,0
1,-0.735562955682065,0,1,1,1,1,0,0,0,0
1,-0.602796871425737,1,0,1,1,0,0,0,0,0
1,0.556886976546426,0,1,0,0,1,0,0,0,0
0,-0.670456358675607,1,0,0,0,0,0,0,0,0
0,0.1652450440305,0,1,0,0,1,0,0,0,0
0,-0.621805779634115,0,1,0,0,1,0,0,0,0
1,0.109190463431334,0,0,0,1,1,0,0,0,0
1,-0.528952123874071,0,1,0,0,1,0,0,0,0
0,0.535506319892906,0,0,0,1,0,0,0,0,0
0,-0.210237362469003,1,0,0,0,1,0,0,0,0
0,-0.11761416518822,0,0,0,0,0,0,0,0,0
0,-0.46069265214813,1,0,0,1,1,0,0,0,0
0,-0.390298286657106,0,0,0,0,0,0,0,0,0
1,0.937805179373299,0,0,1,0,1,0,0,0,0
1,-0.506954320219738,0,1,0,0,1,0,0,0,0
0,-0.534684379065747,0,1,1,0,0,0,0,0,0
0,-0.738099389633596,0,0,0,0,0,0,0,0,0
1,-0.128191370235937,0,0,0,1,1,0,0,0,0
0,-0.614676177554378,0,0,1,0,0,0,0,0,0
0,-0.79031204047355,0,0,0,1,0,0,0,0,0
0,-0.670014611200483,1,0,1,1,0,0,0,0,0
0,0.496824712113527,0,0,0,1,0,0,0,0,0
1,0.974825441466051,1,0,0,0,1,0,0,0,0
0,-0.668419028503791,0,0,0,1,0,0,0,0,0
1,-0.685597230253812,0,0,1,1,0,0,0,0,0
1,0.18492232977262,1,0,0,0,0,0,0,0,0
0,-0.156966649823468,0,0,0,0,1,0,0,0,0
0,-0.595655602139065,0,0,0,1,1,0,0,0,0
1,-0.301102896599284,0,0,0,1,1,0,0,0,0
1,-0.487180348481771,0,0,0,0,0,0,0,0,0
1,1.01906475003988,0,0,0,0,1,0,0,0,0
1,0.246849228395488,1,0,0,0,0,0,0,0,0
0,-0.506364466901637,0,1,0,1,1,0,0,0,0
1,-0.0762488675981576,0,0,0,0,0,0,0,0,0
